
A                   0.000    0.001
B                   0.000    0.001
C                   0.000    0.001
D                   0.000    0.001
E                   1.296    1.071
N1                  0.564    0.826
N2                  0.564    0.826

A	1.000	0.000	0.000	0.000	0.000	0.001	0.000	
B	0.000	1.000	0.000	0.000	0.000	0.001	0.000	
C	0.000	0.000	1.000	0.000	0.000	0.000	0.001	
D	0.000	0.000	0.000	1.000	0.000	0.000	0.001	
E	0.000	0.000	0.000	0.000	1.000	0.283	0.283	
N1	0.001	0.001	0.000	0.000	0.283	1.000	0.000	
N2	0.000	0.000	0.001	0.001	0.283	0.000	1.000	

A                   0.000    0.001
N1                  0.564    0.826
E                   1.296    1.071
