
11                 15.000    2.000
12                 30.000    2.828
13                 45.000    3.464
14                 60.000    4.000
15                 75.000    4.472
16                 90.000    4.899
17                105.000    5.292
18                120.000    5.657
19                135.000    6.000
20                150.000    6.325
21                165.000    6.633
22                180.000    6.928
23                195.000    7.211
24                210.000    7.483
25                225.000    7.746
26                240.000    8.000
27                255.000    8.246
28                270.000    8.485
29                285.000    8.718
A                   0.000    0.001
Y                 300.000    8.944

11	1.000	0.707	0.577	0.500	0.447	0.408	0.378	0.354	0.333	0.316	0.302	0.289	0.277	0.267	0.258	0.250	0.243	0.236	0.229	0.000	0.224	
12	0.707	1.000	0.816	0.707	0.632	0.577	0.535	0.500	0.471	0.447	0.426	0.408	0.392	0.378	0.365	0.354	0.343	0.333	0.324	0.000	0.316	
13	0.577	0.816	1.000	0.866	0.775	0.707	0.655	0.612	0.577	0.548	0.522	0.500	0.480	0.463	0.447	0.433	0.420	0.408	0.397	0.000	0.387	
14	0.500	0.707	0.866	1.000	0.894	0.816	0.756	0.707	0.667	0.632	0.603	0.577	0.555	0.535	0.516	0.500	0.485	0.471	0.459	0.000	0.447	
15	0.447	0.632	0.775	0.894	1.000	0.913	0.845	0.791	0.745	0.707	0.674	0.645	0.620	0.598	0.577	0.559	0.542	0.527	0.513	0.000	0.500	
16	0.408	0.577	0.707	0.816	0.913	1.000	0.926	0.866	0.816	0.775	0.739	0.707	0.679	0.655	0.632	0.612	0.594	0.577	0.562	0.000	0.548	
17	0.378	0.535	0.655	0.756	0.845	0.926	1.000	0.935	0.882	0.837	0.798	0.764	0.734	0.707	0.683	0.661	0.642	0.624	0.607	0.000	0.592	
18	0.354	0.500	0.612	0.707	0.791	0.866	0.935	1.000	0.943	0.894	0.853	0.816	0.784	0.756	0.730	0.707	0.686	0.667	0.649	0.000	0.632	
19	0.333	0.471	0.577	0.667	0.745	0.816	0.882	0.943	1.000	0.949	0.905	0.866	0.832	0.802	0.775	0.750	0.728	0.707	0.688	0.000	0.671	
20	0.316	0.447	0.548	0.632	0.707	0.775	0.837	0.894	0.949	1.000	0.953	0.913	0.877	0.845	0.816	0.791	0.767	0.745	0.725	0.000	0.707	
21	0.302	0.426	0.522	0.603	0.674	0.739	0.798	0.853	0.905	0.953	1.000	0.957	0.920	0.886	0.856	0.829	0.804	0.782	0.761	0.000	0.742	
22	0.289	0.408	0.500	0.577	0.645	0.707	0.764	0.816	0.866	0.913	0.957	1.000	0.961	0.926	0.894	0.866	0.840	0.816	0.795	0.000	0.775	
23	0.277	0.392	0.480	0.555	0.620	0.679	0.734	0.784	0.832	0.877	0.920	0.961	1.000	0.964	0.931	0.901	0.874	0.850	0.827	0.000	0.806	
24	0.267	0.378	0.463	0.535	0.598	0.655	0.707	0.756	0.802	0.845	0.886	0.926	0.964	1.000	0.966	0.935	0.907	0.882	0.858	0.000	0.837	
25	0.258	0.365	0.447	0.516	0.577	0.632	0.683	0.730	0.775	0.816	0.856	0.894	0.931	0.966	1.000	0.968	0.939	0.913	0.889	0.000	0.866	
26	0.250	0.354	0.433	0.500	0.559	0.612	0.661	0.707	0.750	0.791	0.829	0.866	0.901	0.935	0.968	1.000	0.970	0.943	0.918	0.000	0.894	
27	0.243	0.343	0.420	0.485	0.542	0.594	0.642	0.686	0.728	0.767	0.804	0.840	0.874	0.907	0.939	0.970	1.000	0.972	0.946	0.000	0.922	
28	0.236	0.333	0.408	0.471	0.527	0.577	0.624	0.667	0.707	0.745	0.782	0.816	0.850	0.882	0.913	0.943	0.972	1.000	0.973	0.000	0.949	
29	0.229	0.324	0.397	0.459	0.513	0.562	0.607	0.649	0.688	0.725	0.761	0.795	0.827	0.858	0.889	0.918	0.946	0.973	1.000	0.000	0.975	
A	0.000	0.000	0.000	0.000	0.000	0.000	0.000	0.000	0.000	0.000	0.000	0.000	0.000	0.000	0.000	0.000	0.000	0.000	0.000	1.000	0.000	
Y	0.224	0.316	0.387	0.447	0.500	0.548	0.592	0.632	0.671	0.707	0.742	0.775	0.806	0.837	0.866	0.894	0.922	0.949	0.975	0.000	1.000	
