
A                   0.000    0.001
B                   0.000    0.001
C                   0.000    0.001
N1                 34.922    3.577
N2                 15.000    2.000
N3                 49.922    4.098
N4                 43.902    3.992
Y                  89.791    4.936

A	1.000	0.000	0.000	0.000	0.000	0.000	0.000	0.000	
B	0.000	1.000	0.000	0.000	0.000	0.000	0.000	0.000	
C	0.000	0.000	1.000	0.000	0.000	0.000	0.000	0.000	
N1	0.000	0.000	0.000	1.000	0.553	0.873	0.274	0.557	
N2	0.000	0.000	0.000	0.553	1.000	0.483	0.495	0.401	
N3	0.000	0.000	0.000	0.873	0.483	1.000	0.239	0.618	
N4	0.000	0.000	0.000	0.274	0.495	0.239	1.000	0.403	
Y	0.000	0.000	0.000	0.557	0.401	0.618	0.403	1.000	

B                   0.000    0.001
N2                 15.000    2.000
N1                 34.922    3.577
N3                 49.922    4.098
Y                  89.791    4.936
B	1.000	0.000	
Y	0.000	1.000	
